3.600 79.000
1.800 54.000
3.333 74.000
2.283 62.000
4.533 85.000
2.883 55.000
4.700 88.000
3.600 85.000
1.950 51.000
4.350 85.000
1.833 54.000
3.917 84.000
4.200 78.000
1.750 47.000
4.700 83.000
2.167 52.000
1.750 62.000
4.800 84.000
1.600 52.000
4.250 79.000
1.800 51.000
1.750 47.000
3.450 78.000
3.067 69.000
4.533 74.000
3.600 83.000
1.967 55.000
4.083 76.000
3.850 78.000
4.433 79.000
4.300 73.000
4.467 77.000
3.367 66.000
4.033 80.000
3.833 74.000
2.017 52.000
1.867 48.000
4.833 80.000
1.833 59.000
4.783 90.000
4.350 80.000
1.883 58.000
4.567 84.000
1.750 58.000
4.533 73.000
3.317 83.000
3.833 64.000
2.100 53.000
4.633 82.000
2.000 59.000
4.800 75.000
4.716 90.000
1.833 54.000
4.833 80.000
1.733 54.000
4.883 83.000
3.717 71.000
1.667 64.000
4.567 77.000
4.317 81.000
2.233 59.000
4.500 84.000
1.750 48.000
4.800 82.000
1.817 60.000
4.400 92.000
4.167 78.000
4.700 78.000
2.067 65.000
4.700 73.000
4.033 82.000
1.967 56.000
4.500 79.000
4.000 71.000
1.983 62.000
5.067 76.000
2.017 60.000
4.567 78.000
3.883 76.000
3.600 83.000
4.133 75.000
4.333 82.000
4.100 70.000
2.633 65.000
4.067 73.000
4.933 88.000
3.950 76.000
4.517 80.000
2.167 48.000
4.000 86.000
2.200 60.000
4.333 90.000
1.867 50.000
4.817 78.000
1.833 63.000
4.300 72.000
4.667 84.000
3.750 75.000
1.867 51.000
4.900 82.000
2.483 62.000
4.367 88.000
2.100 49.000
4.500 83.000
4.050 81.000
1.867 47.000
4.700 84.000
1.783 52.000
4.850 86.000
3.683 81.000
4.733 75.000
2.300 59.000
4.900 89.000
4.417 79.000
1.700 59.000
4.633 81.000
2.317 50.000
4.600 85.000
1.817 59.000
4.417 87.000
2.617 53.000
4.067 69.000
4.250 77.000
1.967 56.000
4.600 88.000
3.767 81.000
1.917 45.000
4.500 82.000
2.267 55.000
4.650 90.000
1.867 45.000
4.167 83.000
2.800 56.000
4.333 89.000
1.833 46.000
4.383 82.000
1.883 51.000
4.933 86.000
2.033 53.000
3.733 79.000
4.233 81.000
2.233 60.000
4.533 82.000
4.817 77.000
4.333 76.000
1.983 59.000
4.633 80.000
2.017 49.000
5.100 96.000
1.800 53.000
5.033 77.000
4.000 77.000
2.400 65.000
4.600 81.000
3.567 71.000
4.000 70.000
4.500 81.000
4.083 93.000
1.800 53.000
3.967 89.000
2.200 45.000
4.150 86.000
2.000 58.000
3.833 78.000
3.500 66.000
4.583 76.000
2.367 63.000
5.000 88.000
1.933 52.000
4.617 93.000
1.917 49.000
2.083 57.000
4.583 77.000
3.333 68.000
4.167 81.000
4.333 81.000
4.500 73.000
2.417 50.000
4.000 85.000
4.167 74.000
1.883 55.000
4.583 77.000
4.250 83.000
3.767 83.000
2.033 51.000
4.433 78.000
4.083 84.000
1.833 46.000
4.417 83.000
2.183 55.000
4.800 81.000
1.833 57.000
4.800 76.000
4.100 84.000
3.966 77.000
4.233 81.000
3.500 87.000
4.366 77.000
2.250 51.000
4.667 78.000
2.100 60.000
4.350 82.000
4.133 91.000
1.867 53.000
4.600 78.000
1.783 46.000
4.367 77.000
3.850 84.000
1.933 49.000
4.500 83.000
2.383 71.000
4.700 80.000
1.867 49.000
3.833 75.000
3.417 64.000
4.233 76.000
2.400 53.000
4.800 94.000
2.000 55.000
4.150 76.000
1.867 50.000
4.267 82.000
1.750 54.000
4.483 75.000
4.000 78.000
4.117 79.000
4.083 78.000
4.267 78.000
3.917 70.000
4.550 79.000
4.083 70.000
2.417 54.000
4.183 86.000
2.217 50.000
4.450 90.000
1.883 54.000
1.850 54.000
4.283 77.000
3.950 79.000
2.333 64.000
4.150 75.000
2.350 47.000
4.933 86.000
2.900 63.000
4.583 85.000
3.833 82.000
2.083 57.000
4.367 82.000
2.133 67.000
4.350 74.000
2.200 54.000
4.450 83.000
3.567 73.000
4.500 73.000
4.150 88.000
3.817 80.000
3.917 71.000
4.450 83.000
2.000 56.000
4.283 79.000
4.767 78.000
4.533 84.000
1.850 58.000
4.250 83.000
1.983 43.000
2.250 60.000
4.750 75.000
4.117 81.000
2.150 46.000
4.417 90.000
1.817 46.000
4.467 74.000
